-2.650000 0.300000 0.050100
2.900000 0.100000 0.050300
-2.500000 -2.600000 0.050400
4.800000 -1.300000 0.050500
4.400000 0.000000 0.050700
4.700000 0.400000 0.050700
4.050000 -0.100000 0.051000
-2.600000 0.350000 0.051300
-2.200000 -1.250000 0.051300
2.900000 -0.100000 0.051400
8.250000 -1.200000 0.051500
-3.050000 0.100000 0.051500
-6.050000 -0.100000 0.052200
8.250000 0.250000 0.052300
-6.000000 -0.050000 0.052400
-4.250000 0.050000 0.052700
-3.400000 -0.250000 0.052700
-2.750000 0.100000 0.052700
-6.000000 0.050000 0.052800
-2.750000 -0.100000 0.053000
4.600000 -0.400000 0.053100
7.700000 0.000000 0.053200
-6.100000 1.300000 0.053200
-2.450000 0.550000 0.053200
-3.050000 -0.100000 0.053300
3.900000 1.300000 0.053400
-4.250000 -0.050000 0.053400
-2.450000 -0.550000 0.053400
4.050000 0.100000 0.053500
4.750000 -1.200000 0.053500
-2.650000 -0.450000 0.053500
-3.250000 0.050000 0.053600
-2.250000 -1.250000 0.053600
8.250000 1.200000 0.053700
4.950000 0.000000 0.053800
-3.400000 0.250000 0.053800
-2.650000 0.550000 0.053800
-2.650000 -0.600000 0.053900
-6.050000 0.100000 0.054000
-2.300000 0.050000 0.054000
-2.850000 1.350000 0.054100
4.650000 -0.400000 0.054200
8.250000 -0.250000 0.054200
-2.600000 -0.350000 0.054600
-2.550000 -0.850000 0.054600
7.950000 0.050000 0.054900
-2.900000 1.350000 0.054900
4.550000 1.400000 0.055100
4.700000 -1.400000 0.055300
-6.500000 0.000000 0.055300
-6.100000 -1.300000 0.055400
-3.400000 -1.200000 0.055400
4.750000 -0.250000 0.055600
7.950000 -0.050000 0.055600
-2.650000 -0.300000 0.055700
-3.500000 -1.250000 0.055800
-2.650000 0.900000 0.055800
-3.100000 1.300000 0.056000
-1.950000 0.000000 0.056100
-3.250000 -0.050000 0.056400
3.700000 1.250000 0.056500
-1.800000 0.050000 0.056500
3.700000 -1.300000 0.056700
-3.100000 -1.250000 0.056700
-3.300000 1.250000 0.056800
4.800000 1.300000 0.056900
-2.300000 -0.050000 0.056900
-2.050000 0.000000 0.057000
-3.500000 1.300000 0.057500
-2.450000 -1.100000 0.057500
-2.400000 -1.400000 0.057700
3.000000 0.050000 0.057900
4.750000 1.200000 0.058100
7.900000 0.050000 0.058100
3.000000 -0.050000 0.058400
-6.200000 1.250000 0.058500
-4.300000 0.050000 0.059000
8.350000 -1.250000 0.059100
7.900000 -0.050000 0.059200
8.150000 -1.350000 0.059300
1.150000 -0.050000 0.059400
-6.900000 0.000000 0.059500
1.200000 0.000000 0.059600
-2.400000 0.200000 0.059700
8.150000 1.350000 0.059800
4.550000 -0.200000 0.059900
8.350000 1.250000 0.059900
-2.400000 -0.200000 0.059900
4.750000 0.250000 0.060000
-4.300000 -0.050000 0.060000
-2.950000 0.100000 0.060100
-4.350000 0.000000 0.060200
-6.150000 1.250000 0.060400
-2.600000 0.700000 0.060400
-2.450000 -0.900000 0.061000
2.800000 0.050000 0.061300
-2.550000 0.350000 0.061300
4.100000 -0.100000 0.061600
4.550000 0.200000 0.061600
-2.200000 -1.300000 0.062000
-6.200000 -1.250000 0.062300
-2.950000 -0.100000 0.062400
4.100000 0.100000 0.062600
-2.650000 -1.100000 0.062800
3.850000 -1.350000 0.062900
-2.500000 0.750000 0.062900
-2.250000 -1.300000 0.063100
0.850000 -0.650000 0.063200
2.800000 -0.050000 0.063500
3.750000 -1.350000 0.063700
-6.150000 -1.250000 0.064300
4.600000 0.400000 0.064400
-2.550000 0.700000 0.064600
4.700000 1.400000 0.064700
8.100000 0.100000 0.065000
3.700000 1.300000 0.065300
-2.550000 -0.350000 0.065400
4.650000 0.400000 0.065500
7.500000 0.000000 0.065500
-2.600000 -0.700000 0.065900
-3.500000 -1.300000 0.066000
-3.300000 -1.250000 0.066000
7.300000 0.000000 0.066100
-3.100000 -1.300000 0.066100
-2.700000 -1.400000 0.066600
-3.300000 1.300000 0.066800
-2.650000 -0.900000 0.067100
-2.500000 -0.700000 0.067100
-2.450000 0.150000 0.067100
8.100000 -0.100000 0.067300
4.500000 -1.350000 0.067700
-2.900000 -1.350000 0.067800
-2.850000 -1.350000 0.068200
-2.600000 0.600000 0.068300
-2.650000 -0.550000 0.068500
-1.650000 -0.100000 0.068500
8.350000 -1.300000 0.069300
-6.200000 1.300000 0.069300
-3.450000 1.350000 0.069400
-2.500000 0.600000 0.069400
-2.500000 -0.600000 0.069700
4.700000 -0.200000 0.070000
-2.450000 1.050000 0.070000
-2.700000 0.200000 0.070200
-6.000000 0.000000 0.070600
4.350000 -0.100000 0.070800
4.350000 0.100000 0.070800
4.600000 -1.400000 0.071000
8.350000 1.300000 0.071000
-6.150000 1.300000 0.071300
-1.600000 0.050000 0.071400
4.450000 -0.050000 0.071600
-2.700000 -0.200000 0.071700
-6.200000 -1.300000 0.072000
3.750000 1.350000 0.072900
-4.250000 0.000000 0.072900
3.850000 1.350000 0.073000
-2.000000 0.050000 0.073200
-2.400000 1.200000 0.073900
1.600000 0.050000 0.074000
-2.600000 0.750000 0.074300
-2.450000 -0.150000 0.074300
4.700000 0.200000 0.074400
-2.000000 -0.050000 0.074400
-2.500000 0.450000 0.074500
4.650000 -1.400000 0.074600
-6.150000 -1.300000 0.074800
4.450000 0.050000 0.075000
-2.850000 1.250000 0.075000
7.950000 0.000000 0.075400
4.150000 0.050000 0.075500
-2.900000 1.250000 0.075700
-2.300000 0.000000 0.075900
-3.250000 0.000000 0.076600
-2.500000 1.100000 0.076600
4.150000 -0.050000 0.076900
-3.300000 -1.300000 0.077400
3.800000 -1.350000 0.077500
-2.550000 -0.700000 0.077900
4.500000 1.350000 0.078200
-3.150000 0.100000 0.078900
4.300000 -0.100000 0.079300
8.150000 -1.250000 0.079300
8.300000 -1.350000 0.079500
-2.200000 -0.100000 0.080000
3.000000 0.000000 0.080100
8.300000 1.350000 0.080100
-2.600000 0.450000 0.080300
-2.550000 0.750000 0.080400
4.300000 0.100000 0.080500
-3.450000 -1.350000 0.080500
-2.500000 0.300000 0.080800
7.900000 0.000000 0.080900
-3.150000 -0.100000 0.080900
-2.650000 0.150000 0.080900
-2.650000 -0.150000 0.081200
-2.650000 1.050000 0.081200
-4.300000 0.000000 0.081400
-3.350000 1.350000 0.081500
-2.150000 -0.050000 0.081500
8.150000 1.250000 0.081600
-2.550000 0.600000 0.081700
-2.600000 1.100000 0.082000
1.400000 1.250000 0.082900
-2.150000 0.050000 0.083000
4.600000 1.400000 0.083200
-2.500000 -0.750000 0.083500
-2.500000 -0.450000 0.083500
-2.200000 0.100000 0.083500
-2.600000 -0.600000 0.083600
4.650000 1.400000 0.084200
-2.600000 -0.750000 0.084900
-2.500000 0.900000 0.085000
3.850000 -1.250000 0.086400
2.800000 0.000000 0.086500
-6.250000 -0.100000 0.086700
-7.050000 -0.050000 0.086800
-2.400000 0.250000 0.086800
-7.050000 0.050000 0.086900
-2.250000 -0.100000 0.087000
3.750000 -1.250000 0.087400
-2.850000 1.300000 0.087400
-2.600000 -0.450000 0.088700
-2.900000 1.300000 0.089000
-2.250000 0.100000 0.089000
7.350000 0.050000 0.089300
3.800000 1.350000 0.089400
7.350000 -0.050000 0.089500
4.550000 -1.200000 0.089600
-2.400000 -0.250000 0.089700
4.600000 -0.200000 0.090200
-2.550000 0.450000 0.090400
3.900000 0.100000 0.090500
-2.600000 0.300000 0.090500
-2.550000 -0.600000 0.091200
-6.250000 0.100000 0.091400
3.900000 -0.100000 0.091500
-2.850000 -1.250000 0.091700
-2.450000 -1.050000 0.091800
-3.400000 1.350000 0.092000
-6.950000 0.050000 0.092200
-2.500000 0.550000 0.092200
4.650000 -0.200000 0.092300
-2.900000 -1.250000 0.092300
-2.600000 0.900000 0.092400
8.200000 -1.350000 0.092500
-6.950000 -0.050000 0.092700
-2.500000 -0.300000 0.092800
-2.500000 0.150000 0.092900
4.550000 -0.250000 0.093100
8.200000 1.350000 0.093200
-2.550000 1.100000 0.093200
4.600000 0.200000 0.093400
-2.700000 1.200000 0.093800
4.800000 -0.100000 0.093900
8.150000 -1.300000 0.093900
-3.350000 -1.350000 0.094100
-2.550000 0.300000 0.094200
4.500000 -1.250000 0.094300
4.250000 -0.050000 0.094400
4.800000 0.100000 0.094700
-2.600000 -0.300000 0.094800
-2.600000 0.550000 0.095500
4.250000 0.050000 0.096100
8.150000 1.300000 0.096200
-6.100000 -0.100000 0.096300
-3.450000 1.250000 0.096500
4.450000 0.000000 0.096600
-2.550000 -0.750000 0.097300
-2.500000 -0.550000 0.097400
4.550000 0.250000 0.097500
4.650000 0.200000 0.097500
7.450000 -0.050000 0.097700
7.450000 0.050000 0.097900
4.550000 1.200000 0.099400
3.850000 1.250000 0.099500
-2.650000 -1.050000 0.100000
3.750000 1.250000 0.100300
-2.500000 -1.100000 0.100500
4.750000 -1.350000 0.100800
-6.300000 -0.050000 0.100800
-2.000000 0.000000 0.100800
-2.550000 -0.450000 0.101000
3.850000 -1.300000 0.101100
8.250000 -1.350000 0.101300
-6.100000 0.100000 0.101500
-2.400000 -1.200000 0.101600
-2.600000 -1.100000 0.101800
3.750000 -1.300000 0.101900
-2.500000 -0.150000 0.102100
8.250000 1.350000 0.102200
-2.550000 0.900000 0.102400
-1.600000 0.100000 0.102500
4.700000 -1.200000 0.102700
-2.700000 0.250000 0.102800
-6.300000 0.050000 0.104500
-2.450000 0.400000 0.104700
4.500000 1.250000 0.104900
4.150000 0.000000 0.105300
-2.550000 -0.300000 0.105400
4.700000 -0.250000 0.105500
3.800000 -1.250000 0.105900
-2.700000 -0.250000 0.106400
-2.500000 -0.900000 0.106600
-3.400000 -1.350000 0.106900
8.300000 -1.250000 0.107300
-2.550000 0.550000 0.108200
-2.900000 -1.300000 0.108300
-2.850000 -1.300000 0.108500
-3.450000 -1.250000 0.109200
-3.550000 0.050000 0.109300
4.500000 -1.300000 0.109500
-3.100000 0.100000 0.109600
-7.000000 0.050000 0.110000
-3.100000 -0.100000 0.110400
-2.450000 -0.400000 0.110800
8.300000 1.250000 0.111000
-7.000000 -0.050000 0.111300
-2.600000 -0.900000 0.111400
-3.550000 -0.050000 0.111500
-3.500000 0.100000 0.111600
-3.450000 1.300000 0.111900
-3.350000 1.250000 0.112100
3.700000 -0.100000 0.112600
4.700000 1.200000 0.112600
-3.500000 -0.100000 0.112700
3.700000 0.100000 0.113200
-2.600000 -0.550000 0.113300
-2.600000 -0.150000 0.113300
7.400000 -0.050000 0.113900
7.400000 0.050000 0.114100
-2.600000 0.150000 0.114300
4.700000 0.250000 0.114600
-2.150000 0.000000 0.114800
4.750000 1.350000 0.115300
3.650000 -0.050000 0.116400
-2.700000 -1.200000 0.116500
3.850000 1.300000 0.116700
3.650000 0.050000 0.117400
-2.800000 -0.050000 0.117400
-2.550000 -1.100000 0.117600
3.750000 1.300000 0.117700
8.400000 0.050000 0.117800
-7.050000 0.000000 0.118400
-2.450000 1.400000 0.119500
-2.650000 0.400000 0.119600
8.400000 -0.050000 0.120700
-2.550000 -0.550000 0.120900
-2.800000 0.050000 0.121400
7.350000 0.000000 0.122000
3.800000 1.250000 0.122400
2.850000 0.050000 0.122900
8.350000 0.100000 0.123500
-2.550000 -0.900000 0.123700
3.800000 -1.300000 0.123800
4.500000 1.300000 0.123900
2.850000 -0.050000 0.124100
8.350000 -0.100000 0.124300
-6.200000 -0.100000 0.124500
8.200000 -1.250000 0.124800
-2.500000 1.050000 0.124800
1.100000 -0.250000 0.125000
2.950000 -0.050000 0.125600
2.950000 0.050000 0.126000
-6.950000 0.000000 0.126100
-3.400000 1.250000 0.126300
8.300000 -1.300000 0.127900
-3.350000 -1.250000 0.128600
-3.300000 0.100000 0.128800
8.300000 1.300000 0.129500
8.200000 1.250000 0.129600
-3.450000 -1.300000 0.129700
-6.150000 -0.100000 0.130600
-3.350000 1.300000 0.130600
4.250000 0.000000 0.130800
-2.650000 -0.400000 0.130900
-6.200000 0.100000 0.132000
-2.550000 -0.150000 0.132700
7.450000 0.000000 0.133100
-2.600000 1.050000 0.133300
4.600000 -1.200000 0.133700
-3.300000 -0.100000 0.133700
-2.350000 0.050000 0.136200
-1.100000 -0.050000 0.137000
8.250000 -1.250000 0.137100
-6.150000 0.100000 0.137400
4.600000 -0.250000 0.137600
-2.650000 1.400000 0.138500
4.650000 -1.200000 0.139000
-6.300000 0.000000 0.139000
4.750000 -1.250000 0.139300
8.250000 1.250000 0.140400
-2.550000 0.150000 0.141700
3.800000 1.300000 0.142800
-2.400000 1.350000 0.143000
4.650000 -0.250000 0.144500
-3.400000 -1.250000 0.146000
4.600000 0.250000 0.146100
4.600000 1.200000 0.148200
-3.400000 1.300000 0.148500
8.200000 -1.300000 0.148800
-3.550000 0.000000 0.149600
-2.350000 -0.050000 0.150000
-7.000000 0.000000 0.150400
8.200000 1.300000 0.150800
4.650000 1.200000 0.151000
4.650000 0.250000 0.151300
-3.350000 -1.300000 0.151900
-2.550000 1.050000 0.152800
-6.050000 -0.050000 0.152900
4.750000 1.250000 0.153900
4.050000 -0.050000 0.154100
2.900000 0.050000 0.154700
2.900000 -0.050000 0.155200
4.050000 0.050000 0.155700
-3.050000 0.050000 0.156200
-6.050000 0.050000 0.156300
7.400000 0.000000 0.156600
-3.050000 -0.050000 0.157700
-2.500000 -1.050000 0.157800
-2.750000 0.050000 0.157900
3.650000 0.000000 0.160500
8.250000 -1.300000 0.161500
4.750000 -1.300000 0.162800
8.400000 0.000000 0.162800
-2.600000 -1.050000 0.163000
-2.800000 0.000000 0.163600
-2.450000 -1.400000 0.164400
8.250000 1.300000 0.165200
-2.450000 0.200000 0.166300
8.150000 0.100000 0.168400
2.850000 0.000000 0.169000
4.550000 -1.350000 0.169000
8.150000 -0.100000 0.169000
-2.750000 -0.050000 0.169000
-3.400000 -1.300000 0.170800
-2.450000 -0.200000 0.171600
2.950000 0.000000 0.172300
-2.850000 0.100000 0.172300
-2.900000 0.100000 0.177000
-2.700000 1.350000 0.177300
-2.850000 -0.100000 0.177700
1.600000 0.000000 0.178500
-2.900000 -0.100000 0.179500
-2.500000 0.400000 0.180900
-2.950000 0.050000 0.181300
-2.950000 -0.050000 0.181700
4.750000 1.300000 0.182100
-2.650000 -1.400000 0.182400
1.200000 0.050000 0.183600
4.100000 -0.050000 0.185500
4.100000 0.050000 0.187700
-2.550000 -1.050000 0.188300
8.100000 0.050000 0.189800
-2.650000 0.200000 0.191100
4.700000 -1.350000 0.192600
8.100000 -0.050000 0.192900
-2.350000 0.000000 0.193800
4.550000 1.350000 0.194000
-2.650000 -0.200000 0.195100
-2.400000 1.250000 0.195800
-2.600000 0.400000 0.196200
-2.500000 -0.400000 0.197200
-2.400000 -1.350000 0.200200
3.850000 -0.100000 0.201200
3.850000 0.100000 0.202200
3.750000 -0.100000 0.203500
3.750000 0.100000 0.206300
4.350000 -0.050000 0.209500
-2.500000 1.400000 0.210400
-6.050000 0.000000 0.210600
4.350000 0.050000 0.211600
4.500000 -0.100000 0.211600
-3.450000 0.100000 0.212900
4.050000 0.000000 0.213000
-2.600000 -0.400000 0.213500
-3.050000 0.000000 0.213700
2.900000 0.000000 0.213900
4.500000 0.100000 0.217800
-2.450000 1.200000 0.218800
-2.750000 0.000000 0.219500
-2.550000 0.400000 0.219900
4.700000 1.350000 0.220500
-3.450000 -0.100000 0.221600
8.300000 0.100000 0.225200
-2.700000 -1.350000 0.225500
-2.400000 1.300000 0.228000
8.300000 -0.100000 0.230300
-2.600000 1.400000 0.231000
4.550000 -1.250000 0.232200
4.300000 -0.050000 0.236900
-3.150000 0.050000 0.238000
4.300000 0.050000 0.240900
-2.550000 -0.400000 0.241400
-3.150000 -0.050000 0.241800
3.800000 -0.100000 0.243000
3.800000 0.100000 0.243500
-2.950000 0.000000 0.245900
-2.700000 1.250000 0.245900
-2.200000 0.050000 0.250800
4.600000 -1.350000 0.251500
1.400000 1.300000 0.251600
-2.200000 -0.050000 0.252500
-6.250000 -0.050000 0.252900
-3.350000 0.100000 0.253300
-2.550000 1.400000 0.254900
4.100000 0.000000 0.255700
-2.450000 0.250000 0.256500
-2.650000 1.200000 0.258700
-6.250000 0.050000 0.259700
4.650000 -1.350000 0.260000
-3.350000 -0.100000 0.260600
8.200000 0.100000 0.261000
8.100000 0.000000 0.261400
4.550000 1.250000 0.261500
8.200000 -0.100000 0.266400
-2.450000 -0.250000 0.267500
3.900000 0.050000 0.268700
-2.250000 -0.050000 0.269100
4.700000 -1.250000 0.269800
-2.250000 0.050000 0.270000
3.900000 -0.050000 0.270500
-2.400000 -1.250000 0.270600
4.550000 -1.300000 0.272800
-2.500000 -1.400000 0.281900
4.800000 -0.050000 0.283500
-3.400000 0.100000 0.285100
4.600000 1.350000 0.285300
8.250000 0.100000 0.285400
-6.100000 -0.050000 0.286000
4.800000 0.050000 0.287400
4.350000 0.000000 0.287800
-2.450000 -1.200000 0.289400
8.250000 -0.100000 0.289500
-2.700000 1.300000 0.290200
-3.400000 -0.100000 0.290300
-2.650000 0.250000 0.291000
-6.100000 0.050000 0.295300
4.650000 1.350000 0.296200
4.700000 1.250000 0.296900
-2.500000 0.200000 0.297600
4.750000 -0.100000 0.299000
-2.650000 -0.250000 0.304300
4.550000 1.300000 0.306500
-2.600000 -1.400000 0.308800
4.750000 0.100000 0.311000
-2.700000 -1.250000 0.312600
4.700000 -1.300000 0.312700
-2.500000 -0.200000 0.314400
-2.600000 0.200000 0.316300
-2.400000 -1.300000 0.319500
4.300000 0.000000 0.325400
0.950000 -0.500000 0.327900
-3.100000 0.050000 0.328700
-2.650000 -1.200000 0.328900
-3.100000 -0.050000 0.329100
-3.150000 0.000000 0.329300
3.700000 -0.050000 0.330500
-3.500000 0.050000 0.331200
3.700000 0.050000 0.332400
-2.600000 -0.200000 0.332900
-3.500000 -0.050000 0.335500
-2.200000 0.000000 0.348100
4.600000 -1.250000 0.348400
-6.250000 0.000000 0.349400
-2.550000 0.200000 0.350900
-2.550000 -1.400000 0.351800
4.700000 1.300000 0.353000
4.650000 -1.250000 0.358500
3.900000 0.000000 0.368200
-2.700000 -1.300000 0.369600
8.350000 0.050000 0.370100
-2.250000 0.000000 0.371600
8.350000 -0.050000 0.373000
-6.200000 -0.050000 0.374300
-2.550000 -0.200000 0.376300
-6.200000 0.050000 0.383400
-6.150000 -0.050000 0.384900
4.600000 1.250000 0.386800
-3.300000 0.050000 0.387400
-2.500000 1.200000 0.389600
-3.300000 -0.050000 0.389900
4.800000 0.000000 0.392400
-6.150000 0.050000 0.394600
-6.100000 0.000000 0.394700
4.650000 1.250000 0.400400
4.600000 -1.300000 0.403700
-2.450000 1.350000 0.419200
4.650000 -1.300000 0.420100
-2.600000 1.200000 0.421000
-2.500000 0.250000 0.431600
-3.100000 0.000000 0.449200
3.700000 0.000000 0.449400
-3.500000 0.000000 0.452000
4.600000 1.300000 0.458200
-2.600000 0.250000 0.465300
-2.500000 -0.250000 0.469100
4.650000 1.300000 0.469900
-2.550000 1.200000 0.474700
-2.400000 -0.100000 0.476500
-2.400000 0.100000 0.478800
-2.650000 1.350000 0.491900
-2.600000 -0.250000 0.492200
8.150000 0.050000 0.502200
8.350000 0.000000 0.506700
8.150000 -0.050000 0.509800
4.550000 -0.100000 0.511900
-6.200000 0.000000 0.514300
-2.850000 0.050000 0.523400
-2.500000 -1.200000 0.523900
-1.100000 0.000000 0.524400
-2.900000 0.050000 0.526300
-3.300000 0.000000 0.529500
-2.850000 -0.050000 0.530600
-2.900000 -0.050000 0.531300
-6.150000 0.000000 0.531700
-2.550000 0.250000 0.533100
4.550000 0.100000 0.537000
-2.600000 -1.200000 0.545900
-2.700000 0.100000 0.563500
-2.450000 -1.350000 0.568300
-2.450000 1.250000 0.576900
-2.550000 -0.250000 0.580500
3.850000 -0.050000 0.586600
-2.700000 -0.100000 0.588100
3.850000 0.050000 0.589600
3.750000 -0.050000 0.592300
4.700000 -0.100000 0.593900
3.750000 0.050000 0.594300
4.700000 0.100000 0.605300
-2.550000 -1.200000 0.625600
4.500000 -0.050000 0.626400
4.500000 0.050000 0.636100
-2.650000 -1.350000 0.638000
-3.450000 0.050000 0.642000
-3.450000 -0.050000 0.649700
8.300000 0.050000 0.673900
-2.650000 1.250000 0.677800
-2.450000 1.300000 0.680200
8.300000 -0.050000 0.684000
8.150000 0.000000 0.688200
-2.850000 0.000000 0.716900
3.800000 0.050000 0.723100
3.800000 -0.050000 0.724600
-2.900000 0.000000 0.724800
-2.500000 1.350000 0.734300
-3.350000 0.050000 0.754000
-3.350000 -0.050000 0.762400
4.600000 -0.100000 0.768600
-2.450000 -1.250000 0.775000
8.200000 0.050000 0.784700
4.600000 0.100000 0.788900
4.650000 -0.100000 0.791800
-2.650000 1.300000 0.794200
8.200000 -0.050000 0.794700
-2.600000 1.350000 0.798500
3.850000 0.000000 0.807000
4.650000 0.100000 0.811100
3.750000 0.000000 0.812300
4.500000 0.000000 0.855000
-3.400000 0.050000 0.859000
-3.400000 -0.050000 0.860300
-2.650000 -1.250000 0.860700
8.250000 0.050000 0.863200
8.250000 -0.050000 0.867100
-3.450000 0.000000 0.886200
-2.550000 1.350000 0.898800
-2.450000 -1.300000 0.907700
4.750000 -0.050000 0.922500
4.750000 0.050000 0.929700
8.300000 0.000000 0.930300
1.150000 -0.100000 0.941700
3.800000 0.000000 0.983400
-2.500000 -1.350000 0.999100
-2.650000 -1.300000 1.016600
-2.500000 1.250000 1.024700
-3.350000 0.000000 1.039300
1.050000 -0.350000 1.047100
-2.600000 -1.350000 1.066600
8.200000 0.000000 1.085100
-2.600000 1.250000 1.102100
-3.400000 0.000000 1.172200
8.250000 0.000000 1.181300
-2.500000 1.300000 1.195400
-2.550000 -1.350000 1.240200
-2.550000 1.250000 1.245500
4.750000 0.000000 1.260300
-2.600000 1.300000 1.290600
-2.500000 -1.250000 1.370900
-2.450000 0.100000 1.390000
-2.450000 -0.100000 1.403100
-2.400000 0.050000 1.408600
-2.600000 -1.250000 1.428900
-2.400000 -0.050000 1.435100
-2.550000 1.300000 1.453000
4.550000 0.050000 1.552600
4.550000 -0.050000 1.553500
-2.650000 0.100000 1.593100
-2.500000 -1.300000 1.615000
-2.650000 -0.100000 1.625800
-2.550000 -1.250000 1.666400
-2.600000 -1.300000 1.697500
-2.700000 0.050000 1.732400
-2.700000 -0.050000 1.746700
4.700000 -0.050000 1.769500
4.700000 0.050000 1.796400
-2.400000 0.000000 1.963900
-2.550000 -1.300000 1.976400
4.550000 0.000000 2.128400
4.600000 -0.050000 2.296500
4.600000 0.050000 2.330800
4.650000 -0.050000 2.383100
4.650000 0.050000 2.402800
-2.700000 0.000000 2.417000
4.700000 0.000000 2.437600
-2.500000 0.100000 2.458800
-2.500000 -0.100000 2.543500
-2.600000 0.100000 2.657100
-2.600000 -0.100000 2.667500
-2.550000 0.100000 2.917100
-2.550000 -0.100000 3.008100
4.600000 0.000000 3.159300
4.650000 0.000000 3.260400
-2.450000 0.050000 4.189300
-2.450000 -0.050000 4.231000
-2.650000 0.050000 4.842100
-2.650000 -0.050000 4.865200
-2.450000 0.000000 5.787700
-2.650000 0.000000 6.630800
-2.500000 0.050000 7.331000
-2.500000 -0.050000 7.474000
-2.600000 0.050000 7.842100
-2.600000 -0.050000 7.922500
-2.550000 0.050000 8.900500
-2.550000 -0.050000 9.048900
-2.500000 0.000000 10.215600
-2.600000 0.000000 10.865800
-2.550000 0.000000 12.244300
